27 23
47 9
20 34
45 44
15 29
48 12
11 45
48 12
34 23
40 24
23 36
30 50
1 5
46 45
21 49
5 14
43 46
8 30
35 44
2 11
8 48
6 2
38 2
32 11
11 36
25 37
34 23
6 15
24 12
16 39
45 33
50 31
8 23
36 39
2 12
20 25
40 47
47 25
5 28
26 27
43 47
32 21
24 42
13 13
45 6
29 19
49 39
17 11
49 20
17 4
42 36
47 45
27 6
25 31
48 16
25 29
12 47
18 46
47 37
2 49
1 38
30 30
39 22
47 18
4 4
36 20
42 45
44 20
6 19
41 29
21 39
26 30
24 12
27 21
6 26
44 37
26 25
29 41
34 38
10 9
35 17
40 12
30 24
22 41
21 25
45 7
40 46
42 3
40 7
16 40
40 34
49 24
38 43
7 28
30 3
17 34
27 43
23 14
5 28
16 4
19 40
9 35
23 26
2 39
2 11
41 9
7 10
20 20
22 19
43 28
16 12
27 36
4 23
20 9
23 18
47 43
47 34
33 26
10 32
26 22
24 24
45 5
43 13
10 10
27 8
14 8
10 7
6 21
35 46
18 17
19 13
37 22
42 39
22 39
21 42
41 13
48 7
28 36
19 36
15 46
41 20
27 2
37 8
5 11
3 47
8 21
38 24
50 47
13 12
12 19
14 9
14 2
17 45
42 31
34 44
12 14
12 19
3 20
45 37
48 27
13 12
29 42
5 15
13 48
28 28
10 11
11 15
35 50
30 41
39 34
42 41
48 49
28 45
40 39
38 33
41 39
11 32
3 38
27 33
21 48
42 15
41 6
37 16
47 9
49 16
43 10
28 2
43 36
4 4
19 5
24 27
46 34
27 10
44 3
10 12
32 48
40 15
47 33
17 6
17 12
27 2
32 26
13 22
9 44
6 23
7 28
39 39
17 21
50 40
39 24
36 36
8 15
12 31
10 17
11 17
35 31
32 17
41 35
47 33
11 9
25 7
39 5
32 17
33 15
15 34
36 33
40 41
25 22
4 40
12 34
25 45
35 45
46 16
27 29
34 7
47 47
11 9
16 23
47 16
5 47
24 19
21 10
18 43
25 14
26 5 
18 16
47 5
45 4
3 28
8 23